100
688 929 93 116
1223 268 33 46
1054 433 48 61
427 425 50 67
841 614 60 81
1748 951 83 102
1737 409 49 64
71 411 47 58
1887 1169 90 119
390 592 66 81
1612 576 59 65
1122 309 39 49
1338 723 60 86
1635 345 35 49
1325 1104 104 145
73 752 81 97
625 511 52 69
2151 884 86 113
1201 743 66 87
1224 580 62 82
2055 525 53 66
2125 648 73 99
797 1383 112 161
586 428 49 61
702 714 77 96
1097 268 37 42
1493 695 67 97
891 309 38 46
1644 501 50 65
173 868 97 130
2100 1281 122 164
523 1088 94 122
1574 1332 122 164
320 1081 112 142
1040 635 53 69
185 714 72 82
1976 765 68 88
1177 862 72 110
957 687 60 75
748 462 41 48
1897 483 50 62
1979 506 60 81
827 547 54 69
1920 902 76 95
1289 1358 105 140
1925 604 57 70
156 364 44 51
2215 392 46 56
946 276 34 40
1399 581 64 82
1517 430 44 62
1413 471 53 66
1030 1058 104 132
1350 946 86 105
1304 514 49 65
1210 1058 76 112
1959 1010 89 113
1343 574 51 63
2215 579 54 78
2053 403 45 59
808 1122 88 126
1740 733 67 79
187 612 60 74
1530 987 84 103
333 505 46 58
443 856 85 117
236 1311 112 157
826 930 72 101
1959 424 40 49
700 1268 100 119
370 402 47 56
959 422 38 55
1647 1137 92 126
1352 883 73 85
807 386 42 49
526 1377 108 142
1624 800 60 86
1298 441 45 57
1822 1344 125 135
679 517 44 60
1838 401 39 48
384 544 37 52
994 297 36 46
90 515 39 55
1577 398 45 59
1056 1457 107 147
1045 530 51 68
888 979 84 121
1107 527 45 59
1386 706 54 67
1140 624 56 71
2091 1130 96 112
1423 1122 80 118
60 598 62 68
1654 920 70 93
986 867 73 100
233 494 51 65
142 836 87 111
904 539 41 59
868 463 31 31
